1001	203	0.85000000
1001	204	81.11000000
1001	205	0.06000000
1001	208	717.00000000
1001	221	0.00000000
1001	255	15.87000000
1001	262	0.00000000
1001	269	0.06000000
1001	291	0.00000000
1001	301	24.00000000
1001	303	0.02000000
1001	304	2.00000000
1001	305	24.00000000
1001	306	24.00000000
1001	307	576.00000000
1001	309	0.09000000
1001	312	0.00000000
1001	315	0.00000000
1001	317	1.00000000
1001	318	2499.00000000
1001	321	158.00000000
1001	322	0.00000000
1001	323	2.32000000
1001	324	56.00000000
1001	401	0.00000000
1001	404	0.00500000
1001	405	0.03400000
1001	406	0.04200000
1001	410	0.11000000
1001	415	0.00300000
1001	417	3.00000000
1001	418	0.17000000
1001	430	7.00000000
1001	601	215.00000000
1001	606	51.36800000
1001	645	21.02100000
1001	646	3.04300000
1002	203	0.85000000
1002	204	81.11000000
1002	205	0.06000000
1002	208	717.00000000
1002	221	0.00000000
1002	255	15.87000000
1002	262	0.00000000
1002	269	0.06000000
1002	291	0.00000000
1002	301	24.00000000
1002	303	0.16000000
1002	304	2.00000000
1002	305	23.00000000
1002	306	26.00000000
1002	307	827.00000000
1002	309	0.05000000
1002	312	0.01600000
1002	315	0.00400000
1002	317	1.00000000
1002	318	2499.00000000
1002	321	158.00000000
1002	322	0.00000000
1002	323	2.32000000
1002	401	0.00000000
1002	404	0.00500000
1002	405	0.03400000
1002	406	0.04200000
1002	410	0.11000000
1002	415	0.00300000
1002	417	3.00000000
1002	418	0.13000000
1002	430	7.00000000
1002	601	219.00000000
1002	606	50.48900000
1002	645	23.42600000
1002	646	3.01200000
1003	203	0.28000000
1003	204	99.48000000
1003	205	0.00000000
1003	208	876.00000000
1003	221	0.00000000
1003	255	0.24000000
1003	262	0.00000000
1003	269	0.00000000
1003	291	0.00000000
1003	301	4.00000000
1003	303	0.00000000
1003	304	0.00000000
1003	305	3.00000000
1003	306	5.00000000
1003	307	2.00000000
1003	309	0.01000000
1003	312	0.00100000
1003	315	0.00000000
1003	317	0.00000000
1003	318	3069.00000000
1003	321	193.00000000
1003	322	0.00000000
1003	323	2.80000000
1003	401	0.00000000
1003	404	0.00100000
1003	405	0.00500000
1003	406	0.00300000
1003	410	0.01000000
1003	415	0.00100000
1003	417	0.00000000
1003	418	0.01000000
1003	430	8.60000000
1003	601	256.00000000
1003	606	61.92400000
1003	645	28.73200000
1003	646	3.69400000
1004	203	21.40000000
1004	204	28.74000000
1004	205	2.34000000
1004	208	353.00000000
1004	221	0.00000000
1004	255	42.41000000
1004	262	0.00000000
1004	269	0.50000000
1004	291	0.00000000
1004	301	528.00000000
1004	303	0.31000000
1004	304	23.00000000
1004	305	387.00000000
1004	306	256.00000000
1004	307	1395.00000000
1004	309	2.66000000
1004	312	0.04000000
1004	315	0.00900000
1004	317	14.50000000
1004	318	763.00000000
1004	321	74.00000000
1004	322	0.00000000
1004	323	0.25000000
1004	401	0.00000000
1004	404	0.02900000
1004	405	0.38200000
1004	406	1.01600000
1004	410	1.72900000
1004	415	0.16600000
1004	417	36.00000000
1004	418	1.22000000
1004	430	2.40000000
1004	601	75.00000000
1004	606	18.66900000
1004	645	7.77800000
1004	646	0.80000000
1005	203	23.24000000
1005	204	29.68000000
1005	205	2.79000000
1005	208	371.00000000
1005	221	0.00000000
1005	255	41.11000000
1005	262	0.00000000
1005	269	0.51000000
1005	291	0.00000000
1005	301	674.00000000
1005	303	0.43000000
1005	304	24.00000000
1005	305	451.00000000
1005	306	136.00000000
1005	307	560.00000000
1005	309	2.60000000
1005	312	0.02400000
1005	315	0.01200000
1005	317	14.50000000
1005	318	1080.00000000
1005	321	76.00000000
1005	322	0.00000000
1005	323	0.26000000
1005	401	0.00000000
1005	404	0.01400000
1005	405	0.35100000
1005	406	0.11800000
1005	410	0.28800000
1005	415	0.06500000
1005	417	20.00000000
1005	418	1.26000000
1005	430	2.50000000
1005	601	94.00000000
1005	606	18.76400000
1005	645	8.59800000
1005	646	0.78400000
1006	203	20.75000000
1006	204	27.68000000
1006	205	0.45000000
1006	208	334.00000000
1006	221	0.00000000
1006	255	48.42000000
1006	262	0.00000000
1006	269	0.45000000
1006	291	0.00000000
1006	301	184.00000000
1006	303	0.50000000
1006	304	20.00000000
1006	305	188.00000000
1006	306	152.00000000
1006	307	629.00000000
1006	309	2.38000000
1006	312	0.01900000
1006	315	0.03400000
1006	317	14.50000000
1006	318	592.00000000
1006	321	9.00000000
1006	322	0.00000000
1006	323	0.24000000
1006	401	0.00000000
1006	404	0.07000000
1006	405	0.52000000
1006	406	0.38000000
1006	410	0.69000000
1006	415	0.23500000
1006	417	65.00000000
1006	418	1.65000000
1006	430	2.30000000
1006	601	100.00000000
1006	606	17.41000000
1006	645	8.01300000
1006	646	0.82600000
1007	203	19.80000000
1007	204	24.26000000
1007	205	0.46000000
1007	208	300.00000000
1007	221	0.00000000
1007	255	51.80000000
1007	262	0.00000000
1007	269	0.46000000
1007	291	0.00000000
1007	301	388.00000000
1007	303	0.33000000
1007	304	20.00000000
1007	305	347.00000000
1007	306	187.00000000
1007	307	842.00000000
1007	309	2.38000000
1007	312	0.02100000
1007	315	0.03800000
1007	317	14.50000000
1007	318	820.00000000
1007	321	12.00000000
1007	322	0.00000000
1007	323	0.21000000
1007	324	12.00000000
1007	401	0.00000000
1007	404	0.02800000
1007	405	0.48800000
1007	406	0.63000000
1007	410	1.36400000
1007	415	0.22700000
1007	417	62.00000000
1007	418	1.30000000
1007	430	2.00000000
1007	601	72.00000000
1007	606	15.25900000
1007	645	7.02300000
1007	646	0.72400000
1008	203	25.18000000
1008	204	29.20000000
1008	205	3.06000000
1008	208	376.00000000
1008	255	39.28000000
1008	291	0.00000000
1008	301	673.00000000
1008	303	0.64000000
1008	304	22.00000000
1008	305	490.00000000
1008	306	93.00000000
1008	307	690.00000000
1008	309	2.94000000
1008	312	0.02400000
1008	315	0.02100000
1008	317	14.50000000
1008	318	1054.00000000
1008	401	0.00000000
1008	404	0.03100000
1008	405	0.45000000
1008	406	0.18000000
1008	410	0.19000000
1008	415	0.07400000
1008	417	18.00000000
1008	418	0.27000000
1008	601	93.00000000
1008	606	18.58400000
1008	645	8.27500000
1008	646	0.83000000
1009	203	24.90000000
1009	204	33.14000000
1009	205	1.28000000
1009	208	403.00000000
1009	210	0.24000000
1009	213	0.23000000
1009	214	0.15000000
1009	221	0.00000000
1009	255	36.75000000
1009	262	0.00000000
1009	269	0.52000000
1009	291	0.00000000
1009	301	721.00000000
1009	303	0.68000000
1009	304	28.00000000
1009	305	512.00000000
1009	306	98.00000000
1009	307	621.00000000
1009	309	3.11000000
1009	312	0.03100000
1009	315	0.01000000
1009	317	13.90000000
1009	318	1002.00000000
1009	321	85.00000000
1009	322	0.00000000
1009	323	0.29000000
1009	324	12.00000000
1009	401	0.00000000
1009	404	0.02700000
1009	405	0.37500000
1009	406	0.08000000
1009	410	0.41300000
1009	415	0.07400000
1009	417	18.00000000
1009	418	0.83000000
1009	430	2.80000000
1009	601	105.00000000
1009	606	21.09200000
1009	645	9.39100000
1009	646	0.94200000
1010	203	23.37000000
1010	204	30.60000000
1010	205	4.78000000
1010	208	387.00000000
1010	255	37.65000000
1010	291	0.00000000
1010	301	643.00000000
1010	303	0.21000000
1010	304	21.00000000
1010	305	464.00000000
1010	306	95.00000000
1010	307	700.00000000
1010	309	2.79000000
1010	312	0.04200000
1010	315	0.01200000
1010	317	14.50000000
1010	318	985.00000000
1010	401	0.00000000
1010	404	0.04600000
1010	405	0.29300000
1010	406	0.08000000
1010	410	0.41300000
1010	415	0.07400000
1010	417	18.00000000
1010	418	0.83000000
1010	601	103.00000000
1010	606	19.47500000
1010	645	8.67100000
1010	646	0.87000000
1011	203	23.76000000
1011	204	32.11000000
1011	205	2.57000000
1011	208	394.00000000
1011	221	0.00000000
1011	255	38.20000000
1011	262	0.00000000
1011	269	0.52000000
1011	291	0.00000000
1011	301	685.00000000
1011	303	0.76000000
1011	304	26.00000000
1011	305	457.00000000
1011	306	127.00000000
1011	307	604.00000000
1011	309	3.07000000
1011	312	0.04200000
1011	315	0.01200000
1011	317	14.50000000
1011	318	994.00000000
1011	321	82.00000000
1011	322	0.00000000
1011	323	0.28000000
1011	401	0.00000000
1011	404	0.01500000
1011	405	0.37500000
1011	406	0.09300000
1011	410	0.21000000
1011	415	0.07900000
1011	417	18.00000000
1011	418	0.83000000
1011	430	2.70000000
1011	601	95.00000000
1011	606	20.21800000
1011	645	9.28000000
1011	646	0.95300000
1012	203	12.49000000
1012	204	4.51000000
1012	205	2.68000000
1012	208	103.00000000
1012	221	0.00000000
1012	255	78.96000000
1012	262	0.00000000
1012	269	0.29000000
1012	291	0.00000000
1012	301	60.00000000
1012	303	0.14000000
1012	304	5.00000000
1012	305	132.00000000
1012	306	84.00000000
1012	307	405.00000000
1012	309	0.37000000
1012	312	0.02800000
1012	315	0.00300000
1012	317	9.00000000
1012	318	163.00000000
1012	321	12.00000000
1012	322	0.00000000
1012	323	0.04000000
1012	401	0.00000000
1012	404	0.02100000
1012	405	0.16300000
1012	406	0.12600000
1012	410	0.21300000
1012	415	0.06700000
1012	417	12.00000000
1012	418	0.62000000
1012	430	0.40000000
1012	601	15.00000000
1012	606	2.85300000
1012	645	1.28500000
1012	646	0.13900000
1013	203	10.69000000
1013	204	3.85000000
1013	205	4.61000000
1013	208	97.00000000
1013	221	0.00000000
1013	255	79.64000000
1013	262	0.00000000
1013	269	2.38000000
1013	291	0.20000000
1013	301	53.00000000
1013	303	0.16000000
1013	304	7.00000000
1013	305	113.00000000
1013	306	90.00000000
1013	307	344.00000000
1013	309	0.33000000
1013	312	0.04000000
1013	315	0.00300000
1013	317	7.70000000
1013	318	146.00000000
1013	321	14.00000000
1013	322	0.00000000
1013	323	0.04000000
1013	401	1.40000000
1013	404	0.03300000
1013	405	0.14200000
1013	406	0.15000000
1013	410	0.18100000
1013	415	0.06800000
1013	417	11.00000000
1013	418	0.53000000
1013	430	0.40000000
1013	601	13.00000000
1013	606	2.31100000
1013	645	1.03600000
1013	646	0.12400000
1014	203	17.27000000
1014	204	0.42000000
1014	205	1.85000000
1014	208	85.00000000
1014	221	0.00000000
1014	255	79.77000000
1014	262	0.00000000
1014	269	1.85000000
1014	291	0.00000000
1014	301	32.00000000
1014	303	0.23000000
1014	304	4.00000000
1014	305	104.00000000
1014	306	32.00000000
1014	307	13.00000000
1014	309	0.47000000
1014	312	0.02800000
1014	315	0.00300000
1014	317	10.80000000
1014	318	30.00000000
1014	321	0.00000000
1014	322	0.00000000
1014	323	0.00000000
1014	401	0.00000000
1014	404	0.02500000
1014	405	0.14200000
1014	406	0.15500000
1014	410	0.16300000
1014	415	0.08200000
1014	417	15.00000000
1014	418	0.83000000
1014	430	0.00000000
1014	601	7.00000000
1014	606	0.27300000
1014	645	0.11000000
1014	646	0.01500000
1015	203	13.74000000
1015	204	1.93000000
1015	205	3.63000000
1015	208	90.00000000
1015	221	0.00000000
1015	255	79.31000000
1015	262	0.00000000
1015	269	0.33000000
1015	291	0.00000000
1015	301	69.00000000
1015	303	0.16000000
1015	304	6.00000000
1015	305	151.00000000
1015	306	96.00000000
1015	307	406.00000000
1015	309	0.42000000
1015	312	0.02800000
1015	315	0.00300000
1015	317	10.20000000
1015	318	78.00000000
1015	321	5.00000000
1015	322	0.00000000
1015	323	0.02000000
1015	401	0.00000000
1015	404	0.02400000
1015	405	0.18500000
1015	406	0.14400000
1015	410	0.24200000
1015	415	0.07600000
1015	417	13.00000000
1015	418	0.71000000
1015	430	0.20000000
1015	601	8.00000000
1015	606	1.22100000
1015	645	0.55000000
1015	646	0.05900000
1016	203	12.39000000
1016	204	1.02000000
1016	205	2.72000000
1016	208	72.00000000
1016	221	0.00000000
1016	255	82.48000000
1016	262	0.00000000
1016	269	2.72000000
1016	291	0.00000000
1016	301	61.00000000
1016	303	0.14000000
1016	304	5.00000000
1016	305	134.00000000
1016	306	86.00000000
1016	307	406.00000000
1016	309	0.38000000
1016	312	0.02800000
1016	315	0.00300000
1016	317	9.00000000
1016	318	41.00000000
1016	321	3.00000000
1016	322	0.00000000
1016	323	0.01000000
1016	401	0.00000000
1016	404	0.02100000
1016	405	0.16500000
1016	406	0.12800000
1016	410	0.21500000
1016	415	0.06800000
1016	417	12.00000000
1016	418	0.63000000
1016	430	0.10000000
1016	601	4.00000000
1016	606	0.64500000
1016	645	0.29100000
1016	646	0.03100000
1017	203	7.55000000
1017	204	34.87000000
1017	205	2.66000000
1017	208	349.00000000
1017	221	0.00000000
1017	255	53.75000000
1017	262	0.00000000
1017	269	0.20000000
1017	291	0.00000000
1017	301	80.00000000
1017	303	1.20000000
1017	304	6.00000000
1017	305	104.00000000
1017	306	119.00000000
1017	307	296.00000000
1017	309	0.54000000
1017	312	0.01600000
1017	315	0.00400000
1017	317	2.40000000
1017	318	1346.00000000
1017	321	89.00000000
1017	322	0.00000000
1017	323	0.30000000
1017	401	0.00000000
1017	404	0.01700000
1017	405	0.19700000
1017	406	0.10100000
1017	410	0.27100000
1017	415	0.04700000
1017	417	13.00000000
1017	418	0.42000000
1017	430	2.90000000
1017	601	110.00000000
1017	606	21.96600000
1017	645	9.83800000
1017	646	1.26500000
1018	203	24.99000000
1018	204	27.80000000
1018	205	1.43000000
1018	208	357.00000000
1018	221	0.00000000
1018	255	41.56000000
1018	262	0.00000000
1018	269	1.43000000
1018	291	0.00000000
1018	301	731.00000000
1018	303	0.44000000
1018	304	30.00000000
1018	305	536.00000000
1018	306	188.00000000
1018	307	965.00000000
1018	309	3.75000000
1018	312	0.03600000
1018	315	0.01100000
1018	317	14.50000000
1018	318	825.00000000
1018	321	11.00000000
1018	322	0.00000000
1018	323	0.24000000
1018	324	36.00000000
1018	401	0.00000000
1018	404	0.03700000
1018	405	0.38900000
1018	406	0.08200000
1018	410	0.28100000
1018	415	0.07600000
1018	417	16.00000000
1018	418	1.54000000
1018	430	2.30000000
1018	601	89.00000000
1018	606	17.57200000
1018	645	8.12500000
1018	646	0.66500000
1019	203	14.21000000
1019	204	21.28000000
1019	205	4.09000000
1019	208	264.00000000
1019	221	0.00000000
1019	255	55.22000000
1019	262	0.00000000
1019	269	4.09000000
1019	291	0.00000000
1019	301	493.00000000
1019	303	0.65000000
1019	304	19.00000000
1019	305	337.00000000
1019	306	62.00000000
1019	307	1116.00000000
1019	309	2.88000000
1019	312	0.03200000
1019	315	0.02800000
1019	317	15.00000000
1019	318	422.00000000
1019	321	3.00000000
1019	322	0.00000000
1019	323	0.18000000
1019	401	0.00000000
1019	404	0.15400000
1019	405	0.84400000
1019	406	0.99100000
1019	410	0.96700000
1019	415	0.42400000
1019	417	32.00000000
1019	418	1.69000000
1019	430	1.80000000
1019	601	89.00000000
1019	606	14.94600000
1019	645	4.62300000
1019	646	0.59100000
1020	203	25.60000000
1020	204	31.14000000
1020	205	1.55000000
1020	208	389.00000000
1020	221	0.00000000
1020	255	37.92000000
1020	262	0.00000000
1020	269	1.55000000
1020	291	0.00000000
1020	301	550.00000000
1020	303	0.23000000
1020	304	14.00000000
1020	305	346.00000000
1020	306	64.00000000
1020	307	800.00000000
1020	309	3.50000000
1020	312	0.02500000
1020	315	0.01400000
1020	317	14.50000000
1020	318	913.00000000
1020	321	32.00000000
1020	322	0.00000000
1020	323	0.27000000
1020	401	0.00000000
1020	404	0.02100000
1020	405	0.20400000
1020	406	0.15000000
1020	410	0.42900000
1020	415	0.08300000
1020	417	6.00000000
1020	418	1.68000000
1020	430	2.60000000
1020	601	116.00000000
1020	606	19.19600000
1020	645	8.68700000
1020	646	1.65400000
1021	203	9.65000000
1021	204	29.51000000
1021	205	42.65000000
1021	208	466.00000000
1021	255	13.44000000
1021	291	0.00000000
1021	301	400.00000000
1021	303	0.52000000
1021	304	70.00000000
1021	305	444.00000000
1021	306	1409.00000000
1021	307	600.00000000
1021	309	1.14000000
1021	312	0.08000000
1021	315	0.04000000
1021	317	14.50000000
1021	318	1113.00000000
1021	401	0.00000000
1021	404	0.31500000
1021	405	1.38200000
1021	406	0.81300000
1021	410	3.35100000
1021	415	0.27100000
1021	417	5.00000000
1021	418	2.42000000
1021	601	94.00000000
1021	606	19.16000000
1021	645	7.87900000
1021	646	0.93800000
1022	203	24.94000000
1022	204	27.44000000
1022	205	2.22000000
1022	208	356.00000000
1022	221	0.00000000
1022	255	41.46000000
1022	262	0.00000000
1022	269	2.22000000
1022	291	0.00000000
1022	301	700.00000000
1022	303	0.24000000
1022	304	29.00000000
1022	305	546.00000000
1022	306	121.00000000
1022	307	819.00000000
1022	309	3.90000000
1022	312	0.03600000
1022	315	0.01100000
1022	317	14.50000000
1022	318	563.00000000
1022	321	10.00000000
1022	322	0.00000000
1022	323	0.24000000
1022	401	0.00000000
1022	404	0.03000000
1022	405	0.33400000
1022	406	0.06300000
1022	410	0.34000000
1022	415	0.08000000
1022	417	21.00000000
1022	418	1.54000000
1022	430	2.30000000
1022	601	114.00000000
1022	606	17.61400000
1022	645	7.74700000
1022	646	0.65700000
1023	203	29.81000000
1023	204	32.34000000
1023	205	0.36000000
1023	208	413.00000000
1023	221	0.00000000
1023	255	33.19000000
1023	262	0.00000000
1023	269	0.36000000
1023	291	0.00000000
1023	301	1011.00000000
1023	303	0.17000000
1023	304	36.00000000
1023	305	605.00000000
1023	306	81.00000000
1023	307	336.00000000
1023	309	3.90000000
1023	312	0.03200000
1023	315	0.01700000
1023	317	14.50000000
1023	318	948.00000000
1023	321	33.00000000
1023	322	0.00000000
1023	323	0.28000000
1023	401	0.00000000
1023	404	0.06000000
1023	405	0.27900000
1023	406	0.10600000
1023	410	0.56200000
1023	415	0.08100000
1023	417	10.00000000
1023	418	1.60000000
1023	430	2.70000000
1023	601	110.00000000
1023	606	18.91300000
1023	645	10.04300000
1023	646	1.73300000
1024	203	20.05000000
1024	204	27.25000000
1024	205	0.49000000
1024	208	327.00000000
1024	221	0.00000000
1024	255	48.42000000
1024	262	0.00000000
1024	269	0.49000000
1024	291	0.00000000
1024	301	497.00000000
1024	303	0.13000000
1024	304	21.00000000
1024	305	393.00000000
1024	306	128.00000000
1024	307	800.00000000
1024	309	2.10000000
1024	312	0.02100000
1024	315	0.03800000
1024	317	14.50000000
1024	318	1155.00000000
1024	321	15.00000000
1024	322	0.00000000
1024	323	0.23000000
1024	401	0.00000000
1024	404	0.08000000
1024	405	0.50300000
1024	406	0.15800000
1024	410	1.17700000
1024	415	0.08600000
1024	417	58.00000000
1024	418	1.04000000
1024	430	2.30000000
1024	601	90.00000000
1024	606	16.74600000
1024	645	8.60600000
1024	646	0.49500000
1025	203	24.48000000
1025	204	30.28000000
1025	205	0.68000000
1025	208	373.00000000
1025	221	0.00000000
1025	255	41.01000000
1025	262	0.00000000
1025	269	0.50000000
1025	291	0.00000000
1025	301	746.00000000
1025	303	0.72000000
1025	304	27.00000000
1025	305	444.00000000
1025	306	81.00000000
1025	307	536.00000000
1025	309	3.00000000
1025	312	0.03200000
1025	315	0.01100000
1025	317	14.50000000
1025	318	769.00000000
1025	321	78.00000000
1025	322	0.00000000
1025	323	0.26000000
1025	401	0.00000000
1025	404	0.01500000
1025	405	0.39000000
1025	406	0.09300000
1025	410	0.21000000
1025	415	0.07900000
1025	417	18.00000000
1025	418	0.83000000
1025	430	2.50000000
1025	601	89.00000000
1025	606	19.06600000
1025	645	8.75100000
1025	646	0.89900000
1026	203	22.17000000
1026	204	22.35000000
1026	205	2.19000000
1026	208	300.00000000
1026	210	0.03000000
1026	211	0.56000000
1026	212	0.15000000
1026	213	0.07000000
1026	214	0.08000000
1026	221	0.00000000
1026	255	50.01000000
1026	262	0.00000000
1026	269	1.03000000
1026	291	0.00000000
1026	301	505.00000000
1026	303	0.44000000
1026	304	20.00000000
1026	305	354.00000000
1026	306	76.00000000
1026	307	627.00000000
1026	309	2.92000000
1026	312	0.01100000
1026	315	0.03000000
1026	317	17.00000000
1026	318	676.00000000
1026	321	57.00000000
1026	322	0.00000000
1026	323	0.19000000
1026	401	0.00000000
1026	404	0.03000000
1026	405	0.28300000
1026	406	0.10400000
1026	410	0.14100000
1026	415	0.03700000
1026	417	7.00000000
1026	418	2.28000000
1026	430	2.30000000
1026	601	79.00000000
1026	606	13.15200000
1026	645	6.57300000
1026	646	0.76500000
1027	203	21.60000000
1027	204	24.64000000
1027	205	2.47000000
1027	208	318.00000000
1027	221	0.00000000
1027	255	48.38000000
1027	262	0.00000000
1027	269	1.01000000
1027	291	0.00000000
1027	301	575.00000000
1027	303	0.20000000
1027	304	21.00000000
1027	305	412.00000000
1027	306	75.00000000
1027	307	415.00000000
1027	309	2.46000000
1027	312	0.02200000
1027	315	0.00900000
1027	317	16.10000000
1027	318	745.00000000
1027	321	63.00000000
1027	322	0.00000000
1027	323	0.21000000
1027	401	0.00000000
1027	404	0.01600000
1027	405	0.27000000
1027	406	0.09400000
1027	410	0.07100000
1027	415	0.06200000
1027	417	8.00000000
1027	418	0.73000000
1027	430	2.50000000
1027	601	89.00000000
1027	606	15.56100000
1027	645	7.02700000
1027	646	0.77800000
1028	203	24.26000000
1028	204	15.92000000
1028	205	2.77000000
1028	208	254.00000000
1028	221	0.00000000
1028	255	53.78000000
1028	262	0.00000000
1028	269	1.13000000
1028	291	0.00000000
1028	301	782.00000000
1028	303	0.22000000
1028	304	23.00000000
1028	305	463.00000000
1028	306	84.00000000
1028	307	619.00000000
1028	309	2.76000000
1028	312	0.02500000
1028	315	0.01000000
1028	317	14.40000000
1028	318	481.00000000
1028	321	41.00000000
1028	322	0.00000000
1028	323	0.14000000
1028	401	0.00000000
1028	404	0.01800000
1028	405	0.30300000
1028	406	0.10500000
1028	410	0.07900000
1028	415	0.07000000
1028	417	9.00000000
1028	418	0.82000000
1028	430	1.60000000
1028	601	64.00000000
1028	606	10.11400000
1028	645	4.51000000
1028	646	0.47200000
1029	203	25.96000000
1029	204	20.03000000
1029	205	3.83000000
1029	208	302.00000000
1029	221	0.00000000
1029	255	46.46000000
1029	262	0.00000000
1029	269	0.60000000
1029	291	0.00000000
1029	301	731.00000000
1029	303	0.25000000
1029	304	26.00000000
1029	305	524.00000000
1029	306	95.00000000
1029	307	528.00000000
1029	309	3.13000000
1029	312	0.02700000
1029	315	0.01100000
1029	317	16.30000000
1029	318	517.00000000
1029	321	44.00000000
1029	322	0.00000000
1029	323	0.37000000
1029	401	0.00000000
1029	404	0.10100000
1029	405	0.32900000
1029	406	0.11900000
1029	410	0.09000000
1029	415	0.07900000
1029	417	10.00000000
1029	418	2.31000000
1029	430	1.30000000
1029	601	54.00000000
1029	606	12.67000000
1029	645	5.73000000
1029	646	0.62600000
1030	203	23.41000000
1030	204	30.04000000
1030	205	1.12000000
1030	208	368.00000000
1030	221	0.00000000
1030	255	41.77000000
1030	262	0.00000000
1030	269	1.12000000
1030	291	0.00000000
1030	301	717.00000000
1030	303	0.41000000
1030	304	27.00000000
1030	305	468.00000000
1030	306	134.00000000
1030	307	628.00000000
1030	309	2.81000000
1030	312	0.03100000
1030	315	0.00800000
1030	317	14.50000000
1030	318	1012.00000000
1030	321	13.00000000
1030	322	0.00000000
1030	323	0.26000000
1030	401	0.00000000
1030	404	0.01300000
1030	405	0.32000000
1030	406	0.10300000
1030	410	0.19000000
1030	415	0.05600000
1030	417	12.00000000
1030	418	1.47000000
1030	430	2.50000000
1030	601	96.00000000
1030	606	19.11300000
1030	645	8.71100000
1030	646	0.66100000
1031	203	9.96000000
1031	204	23.43000000
1031	205	2.94000000
1031	208	260.00000000
1031	255	62.21000000
1031	291	0.00000000
1031	301	75.00000000
1031	303	0.28000000
1031	304	8.00000000
1031	305	136.00000000
1031	306	114.00000000
1031	307	399.00000000
1031	309	0.52000000
1031	312	0.01600000
1031	315	0.00400000
1031	317	3.00000000
1031	318	1134.00000000
1031	401	0.00000000
1031	404	0.01500000
1031	405	0.19500000
1031	406	0.12600000
1031	410	0.56600000
1031	415	0.04100000
1031	417	11.00000000
1031	418	0.26000000
1031	601	76.00000000
1031	606	14.79700000
1031	645	6.77200000
1031	646	0.65000000
1032	203	38.46000000
1032	204	28.61000000
1032	205	4.06000000
1032	208	431.00000000
1032	210	0.15000000
1032	211	0.15000000
1032	212	0.15000000
1032	213	0.15000000
1032	214	0.15000000
1032	221	0.00000000
1032	255	20.84000000
1032	262	0.00000000
1032	269	0.90000000
1032	291	0.00000000
1032	301	1109.00000000
1032	303	0.90000000
1032	304	38.00000000
1032	305	729.00000000
1032	306	125.00000000
1032	307	1529.00000000
1032	309	3.87000000
1032	312	0.23800000
1032	315	0.08500000
1032	317	17.70000000
1032	318	442.00000000
1032	321	31.00000000
1032	322	0.00000000
1032	323	0.26000000
1032	401	0.00000000
1032	404	0.02900000
1032	405	0.48600000
1032	406	0.11400000
1032	410	0.32500000
1032	415	0.04900000
1032	417	10.00000000
1032	418	2.26000000
1032	430	1.90000000
1032	601	88.00000000
1032	606	17.30100000
1032	645	8.37500000
1032	646	1.17300000
1033	203	35.75000000
1033	204	25.83000000
1033	205	3.22000000
1033	208	392.00000000
1033	221	0.00000000
1033	255	29.16000000
1033	262	0.00000000
1033	269	0.80000000
1033	291	0.00000000
1033	301	1184.00000000
1033	303	0.82000000
1033	304	44.00000000
1033	305	694.00000000
1033	306	92.00000000
1033	307	1602.00000000
1033	309	2.75000000
1033	312	0.03200000
1033	315	0.02000000
1033	317	22.50000000
1033	318	399.00000000
1033	321	28.00000000
1033	322	0.00000000
1033	323	0.23000000
1033	324	28.00000000
1033	401	0.00000000
1033	404	0.03900000
1033	405	0.33200000
1033	406	0.27100000
1033	410	0.45300000
1033	415	0.09100000
1033	417	7.00000000
1033	418	1.20000000
1033	430	1.70000000
1033	601	68.00000000
1033	606	16.41000000
1033	645	7.51500000
1033	646	0.56900000
1034	203	23.78000000
1034	204	28.20000000
1034	205	0.57000000
1034	208	352.00000000
1034	221	0.00000000
1034	255	45.45000000
1034	262	0.00000000
1034	269	0.57000000
1034	291	0.00000000
1034	301	650.00000000
1034	303	0.43000000
1034	304	24.00000000
1034	305	360.00000000
1034	306	136.00000000
1034	307	534.00000000
1034	309	2.60000000
1034	312	0.02200000
1034	315	0.01100000
1034	317	14.50000000
1034	318	1092.00000000
1034	321	29.00000000
1034	322	0.00000000
1034	323	0.24000000
1034	401	0.00000000
1034	404	0.01400000
1034	405	0.24000000
1034	406	0.06000000
1034	410	0.21000000
1034	415	0.05300000
1034	417	18.00000000
1034	418	1.50000000
1034	430	2.40000000
1034	601	123.00000000
1034	606	16.69100000
1034	645	9.33800000
1034	646	0.72900000
1035	203	25.58000000
1035	204	26.62000000
1035	205	2.14000000
1035	208	351.00000000
1035	221	0.00000000
1035	255	40.95000000
1035	262	0.00000000
1035	269	0.56000000
1035	291	0.00000000
1035	301	756.00000000
1035	303	0.52000000
1035	304	28.00000000
1035	305	496.00000000
1035	306	138.00000000
1035	307	876.00000000
1035	309	3.23000000
1035	312	0.02600000
1035	315	0.01000000
1035	317	14.50000000
1035	318	880.00000000
1035	321	68.00000000
1035	322	0.00000000
1035	323	0.23000000
1035	401	0.00000000
1035	404	0.01900000
1035	405	0.32100000
1035	406	0.15600000
1035	410	0.47600000
1035	415	0.07300000
1035	417	10.00000000
1035	418	1.46000000
1035	430	2.20000000
1035	601	69.00000000
1035	606	17.07800000
1035	645	7.39300000
1035	646	0.76900000
1036	203	11.26000000
1036	204	12.98000000
1036	205	3.04000000
1036	208	174.00000000
1036	221	0.00000000
1036	255	71.70000000
1036	262	0.00000000
1036	269	0.27000000
1036	291	0.00000000
1036	301	207.00000000
1036	303	0.38000000
1036	304	11.00000000
1036	305	158.00000000
1036	306	105.00000000
1036	307	84.00000000
1036	309	1.16000000
1036	312	0.02100000
1036	315	0.00600000
1036	317	14.50000000
1036	318	445.00000000
1036	321	33.00000000
1036	322	0.00000000
1036	323	0.11000000
1036	401	0.00000000
1036	404	0.01300000
1036	405	0.19500000
1036	406	0.10400000
1036	410	0.21300000
1036	415	0.04300000
1036	417	12.00000000
1036	418	0.34000000
1036	430	1.10000000
1036	601	51.00000000
1036	606	8.29500000
1036	645	3.62700000
1036	646	0.38500000
1037	203	11.39000000
1037	204	7.91000000
1037	205	5.14000000
1037	208	138.00000000
1037	221	0.00000000
1037	255	74.41000000
1037	262	0.00000000
1037	269	0.31000000
1037	291	0.00000000
1037	301	272.00000000
1037	303	0.44000000
1037	304	15.00000000
1037	305	183.00000000
1037	306	125.00000000
1037	307	125.00000000
1037	309	1.34000000
1037	312	0.03400000
1037	315	0.01000000
1037	317	16.70000000
1037	318	384.00000000
1037	321	20.00000000
1037	322	0.00000000
1037	323	0.07000000
1037	401	0.00000000
1037	404	0.02100000
1037	405	0.18500000
1037	406	0.07800000
1037	410	0.24200000
1037	415	0.02000000
1037	417	13.00000000
1037	418	0.29000000
1037	430	0.70000000
1037	601	31.00000000
1037	606	4.92700000
1037	645	2.31400000
1037	646	0.26000000
1038	203	31.80000000
1038	204	26.94000000
1038	205	3.63000000
1038	208	387.00000000
1038	221	0.00000000
1038	255	30.91000000
1038	262	0.00000000
1038	269	0.73000000
1038	291	0.00000000
1038	301	1064.00000000
1038	303	0.77000000
1038	304	41.00000000
1038	305	760.00000000
1038	306	86.00000000
1038	307	1200.00000000
1038	309	2.58000000
1038	312	0.03000000
1038	315	0.02000000
1038	317	14.50000000
1038	318	415.00000000
1038	321	69.00000000
1038	322	0.00000000
1038	323	0.23000000
1038	401	0.00000000
1038	404	0.03700000
1038	405	0.37000000
1038	406	0.07700000
1038	410	0.42400000
1038	415	0.08500000
1038	417	7.00000000
1038	418	1.12000000
1038	430	2.20000000
1038	601	104.00000000
1038	606	17.11500000
1038	645	7.83800000
1038	646	0.59300000
1039	203	21.54000000
1039	204	30.64000000
1039	205	2.00000000
1039	208	369.00000000
1039	255	39.38000000
1039	291	0.00000000
1039	301	662.00000000
1039	303	0.56000000
1039	304	30.00000000
1039	305	392.00000000
1039	306	91.00000000
1039	307	1809.00000000
1039	309	2.08000000
1039	312	0.03400000
1039	315	0.03000000
1039	317	14.50000000
1039	318	1047.00000000
1039	401	0.00000000
1039	404	0.04000000
1039	405	0.58600000
1039	406	0.73400000
1039	410	1.73100000
1039	415	0.12400000
1039	417	49.00000000
1039	418	0.64000000
1039	601	90.00000000
1039	606	19.26300000
1039	645	8.47400000
1039	646	1.32000000
1040	203	26.93000000
1040	204	27.80000000
1040	205	5.38000000
1040	208	380.00000000
1040	210	0.14000000
1040	211	0.48000000
1040	213	0.06000000
1040	214	0.62000000
1040	221	0.00000000
1040	255	37.12000000
1040	262	0.00000000
1040	269	1.32000000
1040	291	0.00000000
1040	301	791.00000000
1040	303	0.20000000
1040	304	38.00000000
1040	305	567.00000000
1040	306	77.00000000
1040	307	192.00000000
1040	309	4.36000000
1040	312	0.04300000
1040	315	0.00500000
1040	317	18.20000000
1040	318	830.00000000
1040	321	70.00000000
1040	322	0.00000000
1040	323	0.38000000
1040	324	44.00000000
1040	401	0.00000000
1040	404	0.06300000
1040	405	0.29600000
1040	406	0.09200000
1040	410	0.42900000
1040	415	0.08300000
1040	417	6.00000000
1040	418	3.34000000
1040	430	2.50000000
1040	601	92.00000000
1040	606	17.77900000
1040	645	7.27400000
1040	646	0.97200000
1041	203	24.41000000
1041	204	25.98000000
1041	205	1.88000000
1041	208	340.00000000
1041	221	0.00000000
1041	255	42.86000000
1041	291	0.00000000
1041	301	700.00000000
1041	303	0.23000000
1041	304	13.00000000
1041	305	500.00000000
1041	306	65.00000000
1041	307	753.00000000
1041	309	3.50000000
1041	312	0.02600000
1041	315	0.01300000
1041	317	14.50000000
1041	318	1045.00000000
1041	401	0.00000000
1041	404	0.06100000
1041	405	0.35900000
1041	406	0.20500000
1041	410	0.34600000
1041	415	0.06500000
1041	417	20.00000000
1041	418	2.10000000
1041	601	102.00000000
1041	606	16.77500000
1041	645	7.13600000
1041	646	0.72100000
1042	203	22.15000000
1042	204	31.25000000
1042	205	1.60000000
1042	208	375.00000000
1042	221	0.00000000
1042	255	39.16000000
1042	262	0.00000000
1042	269	0.51000000
1042	291	0.00000000
1042	301	552.00000000
1042	303	0.19000000
1042	304	27.00000000
1042	305	513.00000000
1042	306	169.00000000
1042	307	1489.00000000
1042	309	2.84000000
1042	312	0.01600000
1042	315	0.00800000
1042	317	14.40000000
1042	318	961.00000000
1042	321	82.00000000
1042	322	0.00000000
1042	323	0.27000000
1042	401	0.00000000
1042	404	0.02700000
1042	405	0.35300000
1042	406	0.06900000
1042	410	0.48200000
1042	415	0.07100000
1042	417	8.00000000
1042	418	0.70000000
1042	430	2.70000000
1042	601	94.00000000
1042	606	19.69400000
1042	645	8.95100000
1042	646	0.99000000
1043	203	22.13000000
1043	204	31.20000000
1043	205	1.73000000
1043	208	375.00000000
1043	221	0.00000000
1043	255	39.08000000
1043	262	0.00000000
1043	269	0.63000000
1043	291	0.10000000
1043	301	614.00000000
1043	303	0.42000000
1043	304	22.00000000
1043	305	744.00000000
1043	306	162.00000000
1043	307	1428.00000000
1043	309	2.98000000
1043	312	0.03300000
1043	315	0.01600000
1043	317	14.50000000
1043	318	1045.00000000
1043	321	151.00000000
1043	322	12.00000000
1043	323	0.29000000
1043	401	2.30000000
1043	404	0.02700000
1043	405	0.35400000
1043	406	0.07800000
1043	410	0.48500000
1043	415	0.07100000
1043	417	8.00000000
1043	418	0.70000000
1043	430	2.90000000
1043	601	94.00000000
1043	606	19.66300000
1043	645	8.93700000
1043	646	0.98800000
1044	203	24.73000000
1044	204	25.01000000
1044	205	2.10000000
1044	208	334.00000000
1044	221	0.00000000
1044	255	42.31000000
1044	262	0.00000000
1044	269	1.23000000
1044	291	0.00000000
1044	301	772.00000000
1044	303	0.61000000
1044	304	29.00000000
1044	305	762.00000000
1044	306	216.00000000
1044	307	1370.00000000
1044	309	3.61000000
1044	312	0.02700000
1044	315	0.01400000
1044	317	15.90000000
1044	318	746.00000000
1044	321	63.00000000
1044	322	0.00000000
1044	323	0.34000000
1044	401	0.00000000
1044	404	0.01400000
1044	405	0.27600000
1044	406	0.03800000
1044	410	0.26000000
1044	415	0.03600000
1044	417	6.00000000
1044	418	1.23000000
1044	430	2.20000000
1044	601	85.00000000
1044	606	16.04500000
1044	645	7.04600000
1044	646	0.62200000
1045	203	19.66000000
1045	204	24.46000000
1045	205	8.32000000
1045	208	331.00000000
1045	255	43.12000000
1045	291	0.00000000
1045	301	497.00000000
1045	303	0.84000000
1045	304	30.00000000
1045	305	400.00000000
1045	306	363.00000000
1045	307	966.00000000
1045	309	3.01000000
1045	312	0.03000000
1045	315	0.01000000
1045	317	16.20000000
1045	318	705.00000000
1045	401	0.00000000
1045	404	0.03000000
1045	405	0.44600000
1045	406	0.07400000
1045	410	0.97700000
1045	415	0.14100000
1045	417	5.00000000
1045	418	1.28000000
1045	601	64.00000000
1045	606	15.35500000
1045	645	7.16500000
1045	646	0.71900000
1046	203	18.40000000
1046	204	25.18000000
1046	205	7.83000000
1046	208	330.00000000
1046	211	2.64000000
1046	212	0.98000000
1046	213	3.81000000
1046	221	0.00000000
1046	255	43.21000000
1046	262	0.00000000
1046	269	7.43000000
1046	291	0.00000000
1046	301	570.00000000
1046	303	0.57000000
1046	304	31.00000000
1046	305	439.00000000
1046	306	291.00000000
1046	307	1265.00000000
1046	309	3.19000000
1046	312	0.08500000
1046	315	0.07300000
1046	317	16.10000000
1046	318	761.00000000
1046	321	65.00000000
1046	322	0.00000000
1046	323	0.22000000
1046	401	0.00000000
1046	404	0.06800000
1046	405	0.51700000
1046	406	0.17000000
1046	410	0.97400000
1046	415	0.07300000
1046	417	7.00000000
1046	418	1.26000000
1046	430	3.40000000
1046	601	80.00000000
1046	606	14.89500000
1046	645	7.21400000
1046	646	1.10800000
1047	203	21.92000000
1047	204	24.14000000
1047	205	4.50000000
1047	208	323.00000000
1047	255	43.67000000
1047	291	0.00000000
1047	301	723.00000000
1047	303	0.60000000
1047	304	28.00000000
1047	305	526.00000000
1047	306	284.00000000
1047	307	1552.00000000
1047	309	3.55000000
1047	312	0.03000000
1047	315	0.01000000
1047	317	16.10000000
1047	318	856.00000000
1047	401	0.00000000
1047	404	0.01400000
1047	405	0.40000000
1047	406	0.10400000
1047	410	0.50000000
1047	415	0.03500000
1047	417	6.00000000
1047	418	2.30000000
1047	601	82.00000000
1047	606	15.48700000
1047	645	6.80100000
1047	646	0.60000000
1048	203	16.41000000
1048	204	21.23000000
1048	205	8.73000000
1048	208	290.00000000
1048	221	0.00000000
1048	255	47.65000000
1048	262	0.00000000
1048	269	7.32000000
1048	291	0.00000000
1048	301	562.00000000
1048	303	0.33000000
1048	304	29.00000000
1048	305	712.00000000
1048	306	242.00000000
1048	307	1345.00000000
1048	309	2.59000000
1048	312	0.03300000
1048	315	0.02000000
1048	317	11.30000000
1048	318	653.00000000
1048	321	55.00000000
1048	322	0.00000000
1048	323	0.19000000
1048	401	0.00000000
1048	404	0.04800000
1048	405	0.43100000
1048	406	0.13100000
1048	410	0.68600000
1048	415	0.11700000
1048	417	7.00000000
1048	418	0.40000000
1048	430	1.80000000
1048	601	55.00000000
1048	606	13.32700000
1048	645	6.21900000
1048	646	0.62400000
1049	203	2.96000000
1049	204	11.50000000
1049	205	4.30000000
1049	208	130.00000000
1049	221	0.00000000
1049	255	80.57000000
1049	262	0.00000000
1049	269	0.16000000
1049	291	0.00000000
1049	301	105.00000000
1049	303	0.07000000
1049	304	10.00000000
1049	305	95.00000000
1049	306	130.00000000
1049	307	41.00000000
1049	309	0.51000000
1049	312	0.01000000
1049	315	0.00100000
1049	317	1.80000000
1049	318	354.00000000
1049	321	22.00000000
1049	322	0.00000000
1049	323	0.33000000
1049	401	0.90000000
1049	404	0.03500000
1049	405	0.14900000
1049	406	0.07800000
1049	410	0.28900000
1049	415	0.03900000
1049	417	3.00000000
1049	418	0.33000000
1049	430	1.30000000
1049	601	37.00000000
1049	606	7.15800000
1049	645	3.32100000
1049	646	0.42700000
1050	203	2.70000000
1050	204	19.31000000
1050	205	3.66000000
1050	208	195.00000000
1050	221	0.00000000
1050	255	73.75000000
1050	262	0.00000000
1050	269	0.14000000
1050	291	0.00000000
1050	301	96.00000000
1050	303	0.04000000
1050	304	9.00000000
1050	305	80.00000000
1050	306	122.00000000
1050	307	40.00000000
1050	309	0.27000000
1050	312	0.00800000
1050	315	0.00100000
1050	317	0.60000000
1050	318	656.00000000
1050	321	37.00000000
1050	322	0.00000000
1050	323	0.55000000
1050	401	0.80000000
1050	404	0.03200000
1050	405	0.14800000
1050	406	0.05700000
1050	410	0.27600000
1050	415	0.03200000
1050	417	2.00000000
1050	418	0.22000000
1050	430	1.70000000
1050	601	66.00000000
1050	606	12.02000000
1050	645	5.57700000
1050	646	0.71700000
1052	203	2.17000000
1052	204	30.91000000
1052	205	2.96000000
1052	208	292.00000000
1052	221	0.00000000
1052	255	63.50000000
1052	262	0.00000000
1052	269	0.11000000
1052	291	0.00000000
1052	301	69.00000000
1052	303	0.03000000
1052	304	7.00000000
1052	305	61.00000000
1052	306	97.00000000
1052	307	34.00000000
1052	309	0.25000000
1052	312	0.00700000
1052	315	0.00100000
1052	317	0.50000000
1052	318	1013.00000000
1052	321	60.00000000
1052	322	0.00000000
1052	323	0.88000000
1052	401	0.60000000
1052	404	0.02400000
1052	405	0.12500000
1052	406	0.04200000
1052	410	0.25900000
1052	415	0.02800000
1052	417	4.00000000
1052	418	0.20000000
1052	430	2.70000000
1052	601	111.00000000
1052	606	19.33700000
1052	645	9.09300000
1052	646	0.88400000
1053	203	2.05000000
1053	204	37.00000000
1053	205	2.79000000
1053	208	345.00000000
1053	221	0.00000000
1053	255	57.71000000
1053	262	0.00000000
1053	269	0.11000000
1053	291	0.00000000
1053	301	65.00000000
1053	303	0.03000000
1053	304	7.00000000
1053	305	62.00000000
1053	306	75.00000000
1053	307	38.00000000
1053	309	0.23000000
1053	312	0.00600000
1053	315	0.00100000
1053	317	0.50000000
1053	318	1470.00000000
1053	321	72.00000000
1053	322	0.00000000
1053	323	1.06000000
1053	324	52.00000000
1053	401	0.60000000
1053	404	0.02200000
1053	405	0.11000000
1053	406	0.03900000
1053	410	0.25500000
1053	415	0.02600000
1053	417	4.00000000
1053	418	0.18000000
1053	430	3.20000000
1053	601	137.00000000
1053	606	23.03200000
1053	645	10.68600000
1053	646	1.37400000
1054	203	3.20000000
1054	204	22.22000000
1054	205	12.49000000
1054	208	257.00000000
1054	221	0.00000000
1054	255	61.33000000
1054	262	0.00000000
1054	269	8.00000000
1054	291	0.00000000
1054	301	101.00000000
1054	303	0.05000000
1054	304	11.00000000
1054	305	89.00000000
1054	306	147.00000000
1054	307	130.00000000
1054	309	0.37000000
1054	312	0.01000000
1054	315	0.00100000
1054	317	1.40000000
1054	318	685.00000000
1054	321	43.00000000
1054	322	0.00000000
1054	323	0.64000000
1054	401	0.00000000
1054	404	0.03700000
1054	405	0.06500000
1054	406	0.07000000
1054	410	0.30500000
1054	415	0.04100000
1054	417	3.00000000
1054	418	0.29000000
1054	430	1.90000000
1054	601	76.00000000
1054	606	13.83100000
1054	645	6.41800000
1054	646	0.82500000
1055	203	2.94000000
1055	204	12.00000000
1055	205	4.26000000
1055	208	135.00000000
1055	221	0.00000000
1055	255	80.14000000
1055	262	0.00000000
1055	269	0.16000000
1055	291	0.00000000
1055	301	104.00000000
1055	303	0.07000000
1055	304	10.00000000
1055	305	95.00000000
1055	306	129.00000000
1055	307	41.00000000
1055	309	0.50000000
1055	312	0.01600000
1055	315	0.00300000
1055	317	2.10000000
1055	318	372.00000000
1055	321	23.00000000
1055	322	0.00000000
1055	323	0.34000000
1055	401	0.90000000
1055	404	0.03500000
1055	405	0.14900000
1055	406	0.06700000
1055	410	0.36300000
1055	415	0.01600000
1055	417	11.00000000
1055	418	0.30000000
1055	430	0.60000000
1055	601	39.00000000
1055	606	7.47000000
1055	645	3.46600000
1055	646	0.44600000
1056	203	3.16000000
1056	204	20.96000000
1056	205	4.27000000
1056	208	214.00000000
1056	221	0.00000000
1056	255	70.95000000
1056	262	0.00000000
1056	269	0.16000000
1056	291	0.00000000
1056	301	116.00000000
1056	303	0.06000000
1056	304	11.00000000
1056	305	85.00000000
1056	306	144.00000000
1056	307	53.00000000
1056	309	0.27000000
1056	312	0.01900000
1056	315	0.00300000
1056	317	2.20000000
1056	318	648.00000000
1056	321	41.00000000
1056	322	0.00000000
1056	323	0.60000000
1056	401	0.90000000
1056	404	0.03500000
1056	405	0.14900000
1056	406	0.06700000
1056	410	0.36000000
1056	415	0.01600000
1056	417	11.00000000
1056	418	0.30000000
1056	430	1.00000000
1056	601	44.00000000
1056	606	13.04700000
1056	645	6.05400000
1056	646	0.77800000
1057	203	3.81000000
1057	204	7.48000000
1057	205	13.54000000
1057	208	135.00000000
1057	221	0.00000000
1057	255	74.37000000
1057	262	0.00000000
1057	269	8.41000000
1057	291	0.00000000
1057	301	130.00000000
1057	303	0.20000000
1057	304	19.00000000
1057	305	109.00000000
1057	306	165.00000000
1057	307	54.00000000
1057	309	0.46000000
1057	312	0.01300000
1057	315	0.00500000
1057	317	4.20000000
1057	318	160.00000000
1057	321	6.00000000
1057	322	0.00000000
1057	323	0.20000000
1057	401	1.50000000
1057	404	0.03400000
1057	405	0.19000000
1057	406	0.10500000
1057	410	0.41700000
1057	415	0.05000000
1057	417	1.00000000
1057	418	0.45000000
1057	430	0.20000000
1057	601	59.00000000
1057	606	4.44300000
1057	645	2.23300000
1057	646	0.33900000
1058	203	3.25000000
1058	204	16.57000000
1058	205	4.68000000
1058	208	178.00000000
1058	221	0.00000000
1058	255	74.79000000
1058	262	0.00000000
1058	269	4.68000000
1058	291	0.00000000
1058	301	113.00000000
1058	303	0.03000000
1058	304	10.00000000
1058	305	87.00000000
1058	306	162.00000000
1058	307	48.00000000
1058	309	0.37000000
1058	312	0.01000000
1058	315	0.00200000
1058	317	2.30000000
1058	318	10.00000000
1058	321	0.00000000
1058	322	0.00000000
1058	323	1.34000000
1058	401	0.90000000
1058	404	0.03800000
1058	405	0.16300000
1058	406	0.07400000
1058	410	0.39800000
1058	415	0.01700000
1058	417	12.00000000
1058	418	0.33000000
1058	430	4.10000000
1058	601	5.00000000
1058	606	13.27200000
1058	645	1.95800000
1058	646	0.46800000
1059	203	3.33000000
1059	204	3.46000000
1059	205	4.74000000
1059	208	63.00000000
1059	255	87.67000000
1059	291	0.00000000
1059	301	128.00000000
1059	303	0.05000000
1059	304	13.00000000
1059	305	97.00000000
1059	306	139.00000000
1059	307	57.00000000
1059	309	0.36000000
1059	312	0.01000000
1059	315	0.00200000
1059	317	2.00000000
1059	318	7.00000000
1059	401	0.90000000
1059	404	0.03000000
1059	405	0.12300000
1059	406	0.08700000
1059	410	0.30100000
1059	415	0.04000000
1059	417	5.00000000
1059	418	0.34000000
1059	601	2.00000000
1059	606	0.76800000
1059	645	1.78300000
1059	646	0.75000000
1060	203	3.33000000
1060	204	3.40000000
1060	205	4.74000000
1060	208	63.00000000
1060	221	0.00000000
1060	255	87.73000000
1060	262	0.00000000
1060	269	4.74000000
1060	291	0.00000000
1060	301	128.00000000
1060	303	0.05000000
1060	304	13.00000000
1060	305	97.00000000
1060	306	139.00000000
1060	307	57.00000000
1060	309	0.36000000
1060	312	0.01000000
1060	315	0.00200000
1060	317	2.00000000
1060	318	7.00000000
1060	321	0.00000000
1060	322	0.00000000
1060	323	0.13000000
1060	401	0.90000000
1060	404	0.03000000
1060	405	0.12300000
1060	406	0.08700000
1060	410	0.30100000
1060	415	0.04000000
1060	417	5.00000000
1060	418	0.34000000
1060	430	0.80000000
1060	601	2.00000000
1060	606	3.10100000
1060	645	0.10000000
1060	646	0.01000000
1067	203	1.00000000
1067	204	9.97000000
1067	205	11.38000000
1067	208	136.00000000
1067	221	0.00000000
1067	255	77.27000000
1067	262	0.00000000
1067	269	11.38000000
1067	291	0.00000000
1067	301	9.00000000
1067	303	0.03000000
1067	304	0.00000000
1067	305	64.00000000
1067	306	191.00000000
1067	307	79.00000000
1067	309	0.02000000
1067	312	0.00000000
1067	315	0.00000000
1067	317	1.10000000
1067	318	15.00000000
1067	321	9.00000000
1067	322	0.00000000
1067	323	0.81000000
1067	401	0.00000000
1067	404	0.00000000
1067	405	0.00000000
1067	406	0.00000000
1067	410	0.00000000
1067	415	0.00000000
1067	417	0.00000000
1067	418	0.00000000
1067	430	2.50000000
1067	601	0.00000000
1067	606	1.93700000
1067	645	7.55100000
1067	646	0.02700000
1068	203	1.00000000
1068	204	9.97000000
1068	205	11.38000000
1068	208	136.00000000
1068	255	77.27000000
1068	291	0.00000000
1068	301	9.00000000
1068	303	0.03000000
1068	304	0.00000000
1068	305	64.00000000
1068	306	191.00000000
1068	307	79.00000000
1068	309	0.02000000
1068	312	0.02500000
1068	315	0.04000000
1068	317	1.10000000
1068	318	89.00000000
1068	401	0.00000000
1068	404	0.00000000
1068	405	0.00000000
1068	406	0.00000000
1068	410	0.00000000
1068	415	0.00000000
1068	417	0.00000000
1068	418	0.00000000
1068	601	0.00000000
1068	606	9.30400000
1068	645	0.10600000
1068	646	0.00300000
1069	203	4.79000000
1069	204	35.48000000
1069	205	54.88000000
1069	208	546.00000000
1069	221	0.00000000
1069	255	2.21000000
1069	262	0.00000000
1069	269	54.88000000
1069	291	0.00000000
1069	301	22.00000000
1069	303	1.15000000
1069	304	4.00000000
1069	305	422.00000000
1069	306	812.00000000
1069	307	181.00000000
1069	309	0.51000000
1069	312	0.11500000
1069	315	0.22000000
1069	317	0.60000000
1069	318	33.00000000
1069	321	20.00000000
1069	322	0.00000000
1069	323	0.59000000
1069	401	0.00000000
1069	404	0.00000000
1069	405	0.16500000
1069	406	0.00000000
1069	410	0.00000000
1069	415	0.00000000
1069	417	0.00000000
1069	418	0.00000000
1069	430	8.80000000
1069	601	0.00000000
1069	606	32.52500000
1069	645	0.96800000
1069	646	0.01400000
1070	203	4.90000000
1070	204	39.92000000
1070	205	52.54000000
1070	208	577.00000000
1070	221	0.00000000
1070	255	1.47000000
1070	262	0.00000000
1070	269	52.54000000
1070	291	0.00000000
1070	301	17.00000000
1070	303	0.03000000
1070	304	7.00000000
1070	305	74.00000000
1070	306	166.00000000
1070	307	122.00000000
1070	309	0.08000000
1070	312	0.11800000
1070	315	0.22500000
1070	317	0.60000000
1070	318	180.00000000
1070	321	108.00000000
1070	322	0.00000000
1070	323	1.52000000
1070	401	0.00000000
1070	404	0.00000000
1070	405	0.00000000
1070	406	0.00000000
1070	410	0.00000000
1070	415	0.00000000
1070	417	0.00000000
1070	418	0.00000000
1070	430	9.90000000
1070	601	0.00000000
1070	606	36.72300000
1070	645	0.60000000
1070	646	0.44700000
1071	203	3.60000000
1071	204	12.41000000
1071	205	16.53000000
1071	208	189.00000000
1071	221	0.00000000
1071	255	66.65000000
1071	262	0.00000000
1071	269	16.53000000
1071	291	0.00000000
1071	301	90.00000000
1071	303	0.04000000
1071	304	10.00000000
1071	305	86.00000000
1071	306	151.00000000
1071	307	66.00000000
1071	309	0.27000000
1071	312	0.01200000
1071	315	0.00500000
1071	317	4.80000000
1071	318	123.00000000
1071	321	32.00000000
1071	322	0.00000000
1071	323	0.44000000
1071	324	30.00000000
1071	401	0.70000000
1071	404	0.02700000
1071	405	0.11700000
1071	406	0.06000000
1071	410	0.22600000
1071	415	0.03000000
1071	417	4.00000000
1071	418	0.26000000
1071	430	2.70000000
1071	601	10.00000000
1071	606	10.68400000
1071	645	0.84300000
1071	646	0.20100000
1072	203	0.98000000
1072	204	22.30000000
1072	205	16.07000000
1072	208	264.00000000
1072	221	0.00000000
1072	255	60.37000000
1072	262	0.00000000
1072	269	16.07000000
1072	291	0.00000000
1072	301	5.00000000
1072	303	0.02000000
1072	304	1.00000000
1072	305	18.00000000
1072	306	19.00000000
1072	307	62.00000000
1072	309	0.01000000
1072	312	0.02400000
1072	315	0.04500000
1072	317	1.50000000
1072	318	78.00000000
1072	321	47.00000000
1072	322	0.00000000
1072	323	0.85000000
1072	401	0.00000000
1072	404	0.00000000
1072	405	0.00000000
1072	406	0.00000000
1072	410	0.00000000
1072	415	0.00000000
1072	417	0.00000000
1072	418	0.00000000
1072	430	5.50000000
1072	601	0.00000000
1072	606	18.91200000
1072	645	1.92700000
1072	646	0.24100000
1073	203	1.25000000
1073	204	25.31000000
1073	205	23.05000000
1073	208	318.00000000
1073	221	0.00000000
1073	255	50.21000000
1073	262	0.00000000
1073	269	23.05000000
1073	291	0.00000000
1073	301	6.00000000
1073	303	0.12000000
1073	304	2.00000000
1073	305	8.00000000
1073	306	18.00000000
1073	307	25.00000000
1073	309	0.03000000
1073	312	0.03000000
1073	315	0.05800000
1073	317	2.10000000
1073	318	143.00000000
1073	321	86.00000000
1073	322	0.00000000
1073	323	0.96000000
1073	401	0.00000000
1073	404	0.00000000
1073	405	0.00000000
1073	406	0.00000000
1073	410	0.00000000
1073	415	0.00000000
1073	417	0.00000000
1073	418	0.00000000
1073	430	6.30000000
1073	601	0.00000000
1073	606	21.78300000
1073	645	1.61600000
1073	646	0.52300000
1074	203	2.40000000
1074	204	19.52000000
1074	205	6.63000000
1074	208	208.00000000
1074	221	0.00000000
1074	255	71.15000000
1074	262	0.00000000
1074	269	6.63000000
1074	291	0.00000000
1074	301	3.00000000
1074	303	0.39000000
1074	304	6.00000000
1074	305	45.00000000
1074	306	161.00000000
1074	307	102.00000000
1074	309	1.18000000
1074	312	0.05800000
1074	315	0.11000000
1074	317	2.50000000
1074	318	0.00000000
1074	321	0.00000000
1074	322	0.00000000
1074	323	0.74000000
1074	401	0.00000000
1074	404	0.00000000
1074	405	0.00000000
1074	406	0.00000000
1074	410	0.00000000
1074	415	0.00000000
1074	417	0.00000000
1074	418	0.00000000
1074	430	4.80000000
1074	601	0.00000000
1074	606	17.79100000
1074	645	0.58800000
1074	646	0.05600000
1075	203	1.75000000
1075	204	3.41000000
1075	205	6.16000000
1075	208	61.00000000
1075	221	0.00000000
1075	255	88.18000000
1075	262	0.00000000
1075	269	6.16000000
1075	291	0.00000000
1075	301	33.00000000
1075	303	0.39000000
1075	304	6.00000000
1075	305	74.00000000
1075	306	114.00000000
1075	307	78.00000000
1075	309	1.18000000
1075	312	0.05100000
1075	315	0.09700000
1075	317	1.90000000
1075	318	0.00000000
1075	321	0.00000000
1075	322	0.00000000
1075	323	0.28000000
1075	401	0.00000000
1075	404	0.01200000
1075	405	0.08800000
1075	406	0.00000000
1075	410	0.00000000
1075	415	0.00000000
1075	417	0.00000000
1075	418	0.00000000
1075	430	0.80000000
1075	601	0.00000000
1075	606	0.76700000
1075	645	1.99800000
1075	646	0.48800000
1076	203	1.75000000
1076	204	3.41000000
1076	205	6.16000000
1076	208	61.00000000
1076	255	88.18000000
1076	291	0.00000000
1076	301	33.00000000
1076	303	0.39000000
1076	304	6.00000000
1076	305	74.00000000
1076	306	114.00000000
1076	307	78.00000000
1076	309	1.18000000
1076	312	0.05100000
1076	315	0.09700000
1076	317	1.90000000
1076	318	0.00000000
1076	401	0.00000000
1076	404	0.01200000
1076	405	0.08800000
1076	406	0.00000000
1076	410	0.00000000
1076	415	0.00000000
1076	417	0.00000000
1076	418	0.00000000
1076	601	0.00000000
1076	606	3.03700000
1076	645	0.17600000
1076	646	0.00800000
1077	203	3.22000000
1077	204	3.25000000
1077	205	4.52000000
1077	208	60.00000000
1077	210	0.00000000
1077	211	0.00000000
1077	212	0.00000000
1077	213	5.26000000
1077	214	0.00000000
1077	221	0.00000000
1077	255	88.32000000
1077	262	0.00000000
1077	269	5.26000000
1077	291	0.00000000
1077	301	113.00000000
1077	303	0.03000000
1077	304	10.00000000
1077	305	91.00000000
1077	306	143.00000000
1077	307	40.00000000
1077	309	0.40000000
1077	312	0.01100000
1077	315	0.00300000
1077	317	3.70000000
1077	318	102.00000000
1077	321	5.00000000
1077	322	0.00000000
1077	323	0.06000000
1077	324	40.00000000
1077	401	0.00000000
1077	404	0.04400000
1077	405	0.18300000
1077	406	0.10700000
1077	410	0.36200000
1077	415	0.03600000
1077	417	5.00000000
1077	418	0.44000000
1077	430	0.20000000
1077	601	10.00000000
1077	606	1.86500000
1077	645	0.81200000
1077	646	0.19500000
1078	203	3.28000000
1078	204	3.66000000
1078	205	4.65000000
1078	208	64.00000000
1078	221	0.00000000
1078	255	87.69000000
1078	291	0.00000000
1078	301	119.00000000
1078	303	0.05000000
1078	304	13.00000000
1078	305	93.00000000
1078	306	151.00000000
1078	307	49.00000000
1078	309	0.38000000
1078	312	0.01000000
1078	315	0.00400000
1078	317	2.00000000
1078	318	138.00000000
1078	401	1.50000000
1078	404	0.03800000
1078	405	0.16100000
1078	406	0.08400000
1078	410	0.31300000
1078	415	0.04200000
1078	417	5.00000000
1078	418	0.36000000
1078	601	14.00000000
1078	606	2.27800000
1078	645	1.05700000
1078	646	0.13600000
1079	203	3.30000000
1079	204	1.97000000
1079	205	4.68000000
1079	208	50.00000000
1079	210	0.01000000
1079	211	0.01000000
1079	212	0.01000000
1079	213	5.01000000
1079	214	0.01000000
1079	221	0.00000000
1079	255	89.33000000
1079	262	0.00000000
1079	269	5.06000000
1079	291	0.00000000
1079	301	117.00000000
1079	303	0.03000000
1079	304	11.00000000
1079	305	94.00000000
1079	306	150.00000000
1079	307	41.00000000
1079	309	0.43000000
1079	312	0.01200000
1079	315	0.00300000
1079	317	2.50000000
1079	318	189.00000000
1079	321	3.00000000
1079	322	0.00000000
1079	323	0.03000000
1079	324	43.00000000
1079	401	0.20000000
1079	404	0.03900000
1079	405	0.18500000
1079	406	0.09200000
1079	410	0.35600000
1079	415	0.03800000
1079	417	5.00000000
1079	418	0.46000000
1079	430	0.20000000
1079	601	8.00000000
1079	606	1.25700000
1079	645	0.56000000
1079	646	0.07300000
1080	203	3.48000000
1080	204	1.92000000
1080	205	4.97000000
1080	208	51.00000000
1080	221	0.00000000
1080	255	88.86000000
1080	291	0.00000000
1080	301	128.00000000
1080	303	0.05000000
1080	304	14.00000000
1080	305	100.00000000
1080	306	162.00000000
1080	307	52.00000000
1080	309	0.40000000
1080	312	0.00800000
1080	315	0.00200000
1080	317	2.30000000
1080	318	204.00000000
1080	324	40.00000000
1080	401	1.00000000
1080	404	0.04000000
1080	405	0.17300000
1080	406	0.09000000
1080	410	0.33600000
1080	415	0.04500000
1080	417	5.00000000
1080	418	0.38000000
1080	601	8.00000000
1080	606	1.19500000
1080	645	0.55500000
1080	646	0.07100000
1081	203	3.95000000
1081	204	1.98000000
1081	205	5.49000000
1081	208	56.00000000
1081	221	0.00000000
1081	255	87.71000000
1081	262	0.00000000
1081	269	5.26000000
1081	291	0.00000000
1081	301	143.00000000
1081	303	0.06000000
1081	304	16.00000000
1081	305	112.00000000
1081	306	182.00000000
1081	307	59.00000000
1081	309	0.45000000
1081	312	0.00800000
1081	315	0.00200000
1081	317	2.60000000
1081	318	5.00000000
1081	321	3.00000000
1081	322	0.00000000
1081	323	0.04000000
1081	324	40.00000000
1081	401	1.10000000
1081	404	0.04500000
1081	405	0.19400000
1081	406	0.10100000
1081	410	0.37600000
1081	415	0.05100000
1081	417	6.00000000
1081	418	0.43000000
1081	430	0.10000000
1081	601	8.00000000
1081	606	1.23200000
1081	645	0.57200000
1081	646	0.07400000
1082	203	3.37000000
1082	204	0.97000000
1082	205	4.99000000
1082	208	42.00000000
1082	210	0.00000000
1082	211	0.00000000
1082	212	0.00000000
1082	213	5.20000000
1082	214	0.00000000
1082	221	0.00000000
1082	255	89.92000000
1082	262	0.00000000
1082	269	5.20000000
1082	291	0.00000000
1082	301	119.00000000
1082	303	0.03000000
1082	304	11.00000000
1082	305	95.00000000
1082	306	150.00000000
1082	307	44.00000000
1082	309	0.42000000
1082	312	0.01000000
1082	315	0.00300000
1082	317	3.30000000
1082	318	196.00000000
1082	321	2.00000000
1082	322	0.00000000
1082	323	0.01000000
1082	324	52.00000000
1082	401	0.00000000
1082	404	0.02000000
1082	405	0.18500000
1082	406	0.09300000
1082	410	0.36100000
1082	415	0.03700000
1082	417	5.00000000
1082	418	0.44000000
1082	430	0.10000000
1082	601	5.00000000
1082	606	0.63300000
1082	645	0.27700000
1082	646	0.03500000
1083	203	3.48000000
1083	204	0.97000000
1083	205	4.97000000
1083	208	43.00000000
1083	221	0.00000000
1083	255	89.81000000
1083	291	0.00000000
1083	301	128.00000000
1083	303	0.05000000
1083	304	14.00000000
1083	305	100.00000000
1083	306	162.00000000
1083	307	52.00000000
1083	309	0.40000000
1083	312	0.01000000
1083	315	0.00200000
1083	317	2.30000000
1083	318	204.00000000
1083	324	40.00000000
1083	401	1.00000000
1083	404	0.04000000
1083	405	0.17300000
1083	406	0.09000000
1083	410	0.33600000
1083	415	0.04500000
1083	417	5.00000000
1083	418	0.38000000
1083	601	4.00000000
1083	606	0.60400000
1083	645	0.28000000
1083	646	0.03600000
1084	203	3.93000000
1084	204	1.17000000
1084	205	5.52000000
1084	208	48.00000000
1084	255	88.74000000
1084	291	0.00000000
1084	301	142.00000000
1084	303	0.06000000
1084	304	16.00000000
1084	305	111.00000000
1084	306	180.00000000
1084	307	58.00000000
1084	309	0.45000000
1084	312	0.01000000
1084	315	0.00200000
1084	317	2.50000000
1084	318	203.00000000
1084	324	40.00000000
1084	401	1.20000000
1084	404	0.04500000
1084	405	0.19200000
1084	406	0.10000000
1084	410	0.37300000
1084	415	0.05000000
1084	417	6.00000000
1084	418	0.43000000
1084	601	4.00000000
1084	606	0.72800000
1084	645	0.33800000
1084	646	0.04300000
1085	203	3.37000000
1085	204	0.08000000
1085	205	4.96000000
1085	208	34.00000000
1085	210	0.00000000
1085	211	0.00000000
1085	212	0.00000000
1085	213	5.09000000
1085	214	0.00000000
1085	221	0.00000000
1085	255	90.84000000
1085	262	0.00000000
1085	269	5.09000000
1085	291	0.00000000
1085	301	125.00000000
1085	303	0.03000000
1085	304	11.00000000
1085	305	101.00000000
1085	306	156.00000000
1085	307	42.00000000
1085	309	0.42000000
1085	312	0.01300000
1085	315	0.00300000
1085	317	3.10000000
1085	318	204.00000000
1085	321	0.00000000
1085	322	0.00000000
1085	323	0.01000000
1085	324	41.00000000
1085	401	0.00000000
1085	404	0.04500000
1085	405	0.18200000
1085	406	0.09400000
1085	410	0.35700000
1085	415	0.03700000
1085	417	5.00000000
1085	418	0.53000000
1085	430	0.00000000
1085	601	2.00000000
1085	606	0.11700000
1085	645	0.04700000
1085	646	0.00700000
1086	203	3.57000000
1086	204	0.25000000
1086	205	5.02000000
1086	208	37.00000000
1086	221	0.00000000
1086	255	90.38000000
1086	262	0.00000000
1086	269	5.02000000
1086	291	0.00000000
1086	301	129.00000000
1086	303	0.05000000
1086	304	15.00000000
1086	305	104.00000000
1086	306	171.00000000
1086	307	53.00000000
1086	309	0.41000000
1086	312	0.01100000
1086	315	0.00200000
1086	317	2.20000000
1086	318	203.00000000
1086	321	0.00000000
1086	322	0.00000000
1086	323	0.00000000
1086	324	40.00000000
1086	401	1.00000000
1086	404	0.04100000
1086	405	0.17500000
1086	406	0.09100000
1086	410	0.33900000
1086	415	0.04600000
1086	417	5.00000000
1086	418	0.39000000
1086	430	0.00000000
1086	601	2.00000000
1086	606	0.16200000
1086	645	0.06500000
1086	646	0.00900000
1087	203	3.96000000
1087	204	0.25000000
1087	205	5.56000000
1087	208	41.00000000
1087	255	89.36000000
1087	291	0.00000000
1087	301	143.00000000
1087	303	0.06000000
1087	304	16.00000000
1087	305	112.00000000
1087	306	182.00000000
1087	307	59.00000000
1087	309	0.45000000
1087	312	0.01100000
1087	315	0.00200000
1087	317	2.40000000
1087	318	203.00000000
1087	324	40.00000000
1087	401	1.10000000
1087	404	0.04500000
1087	405	0.19400000
1087	406	0.10100000
1087	410	0.37600000
1087	415	0.05000000
1087	417	6.00000000
1087	418	0.43000000
1087	601	2.00000000
1087	606	0.16200000
1087	645	0.06500000
1087	646	0.00900000
1088	203	3.31000000
1088	204	0.88000000
1088	205	4.79000000
1088	208	40.00000000
1088	221	0.00000000
1088	255	90.13000000
1088	262	0.00000000
1088	269	4.79000000
1088	291	0.00000000
1088	301	116.00000000
1088	303	0.05000000
1088	304	11.00000000
1088	305	89.00000000
1088	306	151.00000000
1088	307	105.00000000
1088	309	0.42000000
1088	312	0.01100000
1088	315	0.00200000
1088	317	2.00000000
1088	318	26.00000000
1088	321	1.00000000
1088	322	0.00000000
1088	323	0.05000000
1088	401	1.00000000
1088	404	0.03400000
1088	405	0.15400000
1088	406	0.05800000
1088	410	0.27500000
1088	415	0.03400000
1088	417	5.00000000
1088	418	0.22000000
1088	430	0.10000000
1088	601	4.00000000
1088	606	0.54800000
1088	645	0.25400000
1088	646	0.03300000
1089	203	3.10000000
1089	204	3.46000000
1089	205	4.46000000
1089	208	61.00000000
1089	221	0.00000000
1089	255	88.20000000
1089	262	0.00000000
1089	269	4.46000000
1089	291	0.00000000
1089	301	101.00000000
1089	303	0.05000000
1089	304	5.00000000
1089	305	86.00000000
1089	306	253.00000000
1089	307	3.00000000
1089	309	0.38000000
1089	312	0.01000000
1089	315	0.00400000
1089	317	2.00000000
1089	318	103.00000000
1089	321	6.00000000
1089	322	0.00000000
1089	323	0.06000000
1089	401	0.90000000
1089	404	0.02000000
1089	405	0.10500000
1089	406	0.04300000
1089	410	0.30400000
1089	415	0.03400000
1089	417	5.00000000
1089	418	0.36000000
1089	430	0.20000000
1089	601	14.00000000
1089	606	2.15400000
1089	645	0.99900000
1089	646	0.12800000
1090	203	26.32000000
1090	204	26.71000000
1090	205	38.42000000
1090	208	496.00000000
1090	221	0.00000000
1090	255	2.47000000
1090	262	0.00000000
1090	269	38.42000000
1090	291	0.00000000
1090	301	912.00000000
1090	303	0.47000000
1090	304	85.00000000
1090	305	776.00000000
1090	306	1330.00000000
1090	307	371.00000000
1090	309	3.34000000
1090	312	0.08000000
1090	315	0.04000000
1090	317	16.30000000
1090	318	915.00000000
1090	321	43.00000000
1090	322	0.00000000
1090	323	0.48000000
1090	324	312.00000000
1090	401	8.60000000
1090	404	0.28300000
1090	405	1.20500000
1090	406	0.64600000
1090	410	2.27100000
1090	415	0.30200000
1090	417	37.00000000
1090	418	3.25000000
1090	430	1.80000000
1090	601	97.00000000
1090	606	16.74200000
1090	645	7.92400000
1090	646	0.66500000
1091	203	36.16000000
1091	204	0.77000000
1091	205	51.98000000
1091	208	362.00000000
1091	221	0.00000000
1091	255	3.16000000
1091	262	0.00000000
1091	269	51.98000000
1091	291	0.00000000
1091	301	1257.00000000
1091	303	0.32000000
1091	304	110.00000000
1091	305	968.00000000
1091	306	1794.00000000
1091	307	535.00000000
1091	309	4.08000000
1091	312	0.04100000
1091	315	0.02000000
1091	317	27.30000000
1091	318	22.00000000
1091	321	1.00000000
1091	322	0.00000000
1091	323	0.00000000
1091	324	332.00000000
1091	401	6.80000000
1091	404	0.41500000
1091	405	1.55000000
1091	406	0.95100000
1091	410	3.56800000
1091	415	0.36100000
1091	417	50.00000000
1091	418	4.03000000
1091	430	0.10000000
1091	601	20.00000000
1091	606	0.49900000
1091	645	0.20100000
1091	646	0.03000000
1092	203	35.10000000
1092	204	0.72000000
1092	205	52.19000000
1092	208	358.00000000
1092	221	0.00000000
1092	255	3.96000000
1092	262	0.00000000
1092	269	52.19000000
1092	291	0.00000000
1092	301	1231.00000000
1092	303	0.31000000
1092	304	117.00000000
1092	305	985.00000000
1092	306	1705.00000000
1092	307	549.00000000
1092	309	4.41000000
1092	312	0.04100000
1092	315	0.02000000
1092	317	27.30000000
1092	318	2365.00000000
1092	321	1.00000000
1092	322	0.00000000
1092	323	0.01000000
1092	324	440.00000000
1092	401	5.60000000
1092	404	0.41300000
1092	405	1.74400000
1092	406	0.89100000
1092	410	3.23500000
1092	415	0.34500000
1092	417	50.00000000
1092	418	3.99000000
1092	430	0.00000000
1092	601	18.00000000
1092	606	0.46700000
1092	645	0.18700000
1092	646	0.02800000
1093	203	35.50000000
1093	204	0.20000000
1093	205	51.80000000
1093	208	354.00000000
1093	221	0.00000000
1093	255	4.90000000
1093	291	0.00000000
1093	301	280.00000000
1093	303	0.32000000
1093	304	60.00000000
1093	305	1011.00000000
1093	306	680.00000000
1093	307	2280.00000000
1093	309	4.03000000
1093	312	0.01600000
1093	315	0.00800000
1093	317	27.30000000
1093	318	8.00000000
1093	401	6.70000000
1093	404	0.16300000
1093	405	1.64200000
1093	406	0.66500000
1093	410	3.31200000
1093	415	0.29800000
1093	417	50.00000000
1093	418	3.98000000
1093	601	2.00000000
1093	606	0.12400000
1093	645	0.05800000
1093	646	0.00700000
1094	203	34.30000000
1094	204	5.78000000
1094	205	49.00000000
1094	208	387.00000000
1094	221	0.00000000
1094	255	2.97000000
1094	262	0.00000000
1094	269	49.00000000
1094	291	0.00000000
1094	301	1184.00000000
1094	303	0.30000000
1094	304	110.00000000
1094	305	933.00000000
1094	306	1592.00000000
1094	307	517.00000000
1094	309	4.02000000
1094	312	0.11100000
1094	315	0.02300000
1094	317	20.30000000
1094	318	175.00000000
1094	321	9.00000000
1094	322	0.00000000
1094	323	0.10000000
1094	401	5.70000000
1094	404	0.39200000
1094	405	1.57900000
1094	406	0.87600000
1094	410	3.17000000
1094	415	0.33800000
1094	417	47.00000000
1094	418	3.82000000
1094	430	0.40000000
1094	601	69.00000000
1094	606	3.59800000
1094	645	1.66900000
1094	646	0.21500000
1095	203	7.91000000
1095	204	8.70000000
1095	205	54.40000000
1095	208	321.00000000
1095	221	0.00000000
1095	255	27.16000000
1095	262	0.00000000
1095	269	54.40000000
1095	291	0.00000000
1095	301	284.00000000
1095	303	0.19000000
1095	304	26.00000000
1095	305	253.00000000
1095	306	371.00000000
1095	307	127.00000000
1095	309	0.94000000
1095	312	0.01500000
1095	315	0.00600000
1095	317	14.80000000
1095	318	267.00000000
1095	321	14.00000000
1095	322	0.00000000
1095	323	0.16000000
1095	401	2.60000000
1095	404	0.09000000
1095	405	0.41600000
1095	406	0.21000000
1095	410	0.75000000
1095	415	0.05100000
1095	417	11.00000000
1095	418	0.44000000
1095	430	0.60000000
1095	601	34.00000000
1095	606	5.48600000
1095	645	2.42700000
1095	646	0.33700000
1096	203	6.81000000
1096	204	7.56000000
1096	205	10.04000000
1096	208	134.00000000
1096	221	0.00000000
1096	255	74.04000000
1096	262	0.00000000
1096	269	10.04000000
1096	291	0.00000000
1096	301	261.00000000
1096	303	0.19000000
1096	304	24.00000000
1096	305	203.00000000
1096	306	303.00000000
1096	307	106.00000000
1096	309	0.77000000
1096	312	0.01600000
1096	315	0.00600000
1096	317	2.30000000
1096	318	233.00000000
1096	321	12.00000000
1096	322	0.00000000
1096	323	0.14000000
1096	401	1.90000000
1096	404	0.04700000
1096	405	0.31600000
1096	406	0.19400000
1096	410	0.63800000
1096	415	0.05000000
1096	417	8.00000000
1096	418	0.16000000
1096	430	0.50000000
1096	601	29.00000000
1096	606	4.59100000
1096	645	2.33500000
1096	646	0.24500000
1097	203	7.55000000
1097	204	0.20000000
1097	205	11.35000000
1097	208	78.00000000
1097	221	0.00000000
1097	255	79.40000000
1097	262	0.00000000
1097	269	11.35000000
1097	291	0.00000000
1097	301	290.00000000
1097	303	0.29000000
1097	304	27.00000000
1097	305	195.00000000
1097	306	332.00000000
1097	307	115.00000000
1097	309	0.90000000
1097	312	0.01600000
1097	315	0.00600000
1097	317	2.50000000
1097	318	394.00000000
1097	321	0.00000000
1097	322	0.00000000
1097	323	0.00000000
1097	324	80.00000000
1097	401	1.20000000
1097	404	0.04500000
1097	405	0.30900000
1097	406	0.17400000
1097	410	0.73800000
1097	415	0.05500000
1097	417	9.00000000
1097	418	0.24000000
1097	430	0.00000000
1097	601	4.00000000
1097	606	0.12100000
1097	645	0.06200000
1097	646	0.00600000
